        TIME,    TIDE,      OB,   SURGE,    BIAS,     TWL,SURGE90p,  TWL90p,SURGE10p,   TWL10p
202604041200,   0.637,   0.908,   0.100,   0.171,   0.908,   0.100,   0.908,   0.200,   1.008
202604041206,   0.561,9999.000,9999.000,9999.000,9999.000,9999.000,9999.000,9999.000,9999.000
202604041212,   0.488,   0.770,9999.000,9999.000,9999.000,9999.000,9999.000,9999.000,9999.000
202604041218,   0.420,9999.000,9999.000,9999.000,9999.000,9999.000,9999.000,9999.000,9999.000
202604041224,   0.356,   0.619,9999.000,9999.000,9999.000,9999.000,9999.000,9999.000,9999.000
202604041230,   0.298,9999.000,9999.000,9999.000,9999.000,9999.000,9999.000,9999.000,9999.000
202604041236,   0.246,   0.498,9999.000,9999.000,9999.000,9999.000,9999.000,9999.000,9999.000
202604041242,   0.201,9999.000,9999.000,9999.000,9999.000,9999.000,9999.000,9999.000,9999.000
202604041248,   0.164,   0.360,9999.000,9999.000,9999.000,9999.000,9999.000,9999.000,9999.000
202604041254,   0.136,9999.000,9999.000,9999.000,9999.000,9999.000,9999.000,9999.000,9999.000
202604041300,   0.116,   0.259,   0.100,   0.043,   0.259,   0.000,   0.159,   0.100,   0.259
202604041306,   0.106,   0.200,9999.000,9999.000,9999.000,9999.000,9999.000,9999.000,9999.000
202604041312,   0.107,   0.141,9999.000,9999.000,9999.000,9999.000,9999.000,9999.000,9999.000
202604041318,   0.119,   0.111,9999.000,9999.000,9999.000,9999.000,9999.000,9999.000,9999.000
202604041324,   0.142,   0.078,9999.000,9999.000,9999.000,9999.000,9999.000,9999.000,9999.000
202604041330,   0.178,   0.059,9999.000,9999.000,9999.000,9999.000,9999.000,9999.000,9999.000
202604041336,   0.225,   0.049,9999.000,9999.000,9999.000,9999.000,9999.000,9999.000,9999.000
202604041342,   0.284,   0.068,9999.000,9999.000,9999.000,9999.000,9999.000,9999.000,9999.000
202604041348,   0.355,   0.098,9999.000,9999.000,9999.000,9999.000,9999.000,9999.000,9999.000
202604041354,   0.439,   0.150,9999.000,9999.000,9999.000,9999.000,9999.000,9999.000,9999.000
202604041400,   0.533,   0.229,   0.100,  -0.404,   0.229,   0.000,   0.129,   0.100,   0.229
202604041406,   0.639,   0.331,9999.000,9999.000,9999.000,9999.000,9999.000,9999.000,9999.000
202604041412,   0.755,   0.469,9999.000,9999.000,9999.000,9999.000,9999.000,9999.000,9999.000
202604041418,   0.880,   0.619,9999.000,9999.000,9999.000,9999.000,9999.000,9999.000,9999.000
202604041424,   1.013,   0.780,9999.000,9999.000,9999.000,9999.000,9999.000,9999.000,9999.000
202604041430,   1.154,   0.980,9999.000,9999.000,9999.000,9999.000,9999.000,9999.000,9999.000
202604041436,   1.301,   1.138,9999.000,9999.000,9999.000,9999.000,9999.000,9999.000,9999.000
202604041442,   1.453,   1.289,9999.000,9999.000,9999.000,9999.000,9999.000,9999.000,9999.000
202604041448,   1.608,   1.528,9999.000,9999.000,9999.000,9999.000,9999.000,9999.000,9999.000
202604041454,   1.766,   1.728,9999.000,9999.000,9999.000,9999.000,9999.000,9999.000,9999.000
202604041500,   1.926,   1.918,   0.100,  -0.108,   1.918,   0.000,   1.818,   0.100,   1.918
202604041506,   2.086,   2.069,9999.000,9999.000,9999.000,9999.000,9999.000,9999.000,9999.000
202604041512,   2.245,   2.230,9999.000,9999.000,9999.000,9999.000,9999.000,9999.000,9999.000
202604041518,   2.403,   2.387,9999.000,9999.000,9999.000,9999.000,9999.000,9999.000,9999.000
202604041524,   2.558,   2.558,9999.000,9999.000,9999.000,9999.000,9999.000,9999.000,9999.000
202604041530,   2.711,   2.719,9999.000,9999.000,9999.000,9999.000,9999.000,9999.000,9999.000
202604041536,   2.861,   2.860,9999.000,9999.000,9999.000,9999.000,9999.000,9999.000,9999.000
202604041542,   3.007,   2.997,9999.000,9999.000,9999.000,9999.000,9999.000,9999.000,9999.000
202604041548,   3.148,   3.129,9999.000,9999.000,9999.000,9999.000,9999.000,9999.000,9999.000
202604041554,   3.286,   3.270,9999.000,9999.000,9999.000,9999.000,9999.000,9999.000,9999.000
202604041600,   3.419,   3.398,   0.000,  -0.021,   3.398,   0.000,   3.398,   0.100,   3.498
202604041606,   3.548,   3.509,9999.000,9999.000,9999.000,9999.000,9999.000,9999.000,9999.000
202604041612,   3.673,   3.627,9999.000,9999.000,9999.000,9999.000,9999.000,9999.000,9999.000
202604041618,   3.793,   3.758,9999.000,9999.000,9999.000,9999.000,9999.000,9999.000,9999.000
202604041624,   3.908,   3.870,9999.000,9999.000,9999.000,9999.000,9999.000,9999.000,9999.000
202604041630,   4.019,   3.958,9999.000,9999.000,9999.000,9999.000,9999.000,9999.000,9999.000
202604041636,   4.126,   4.080,9999.000,9999.000,9999.000,9999.000,9999.000,9999.000,9999.000
202604041642,   4.229,   4.168,9999.000,9999.000,9999.000,9999.000,9999.000,9999.000,9999.000
202604041648,   4.327,   4.300,9999.000,9999.000,9999.000,9999.000,9999.000,9999.000,9999.000
202604041654,   4.420,   4.408,9999.000,9999.000,9999.000,9999.000,9999.000,9999.000,9999.000
202604041700,   4.509,   4.490,   0.000,  -0.019,   4.490,   0.000,   4.490,   0.100,   4.590
202604041706,   4.593,   4.608,9999.000,9999.000,9999.000,9999.000,9999.000,9999.000,9999.000
202604041712,   4.672,   4.700,9999.000,9999.000,9999.000,9999.000,9999.000,9999.000,9999.000
202604041718,   4.746,   4.828,9999.000,9999.000,9999.000,9999.000,9999.000,9999.000,9999.000
202604041724,   4.814,   4.887,9999.000,9999.000,9999.000,9999.000,9999.000,9999.000,9999.000
202604041730,   4.878,   4.919,9999.000,9999.000,9999.000,9999.000,9999.000,9999.000,9999.000
202604041736,   4.935,   5.047,9999.000,9999.000,9999.000,9999.000,9999.000,9999.000,9999.000
202604041742,   4.987,   5.047,9999.000,9999.000,9999.000,9999.000,9999.000,9999.000,9999.000
202604041748,   5.032,   5.149,9999.000,9999.000,9999.000,9999.000,9999.000,9999.000,9999.000
202604041754,   5.071,   5.257,9999.000,9999.000,9999.000,9999.000,9999.000,9999.000,9999.000
202604041800,   5.104,   5.287,   0.000,   0.183,   5.287,   0.000,   5.287,   0.100,   5.387
202604041806,   5.130,   5.320,9999.000,9999.000,9999.000,9999.000,9999.000,9999.000,9999.000
202604041812,   5.150,   5.349,9999.000,9999.000,9999.000,9999.000,9999.000,9999.000,9999.000
202604041818,   5.163,   5.359,9999.000,9999.000,9999.000,9999.000,9999.000,9999.000,9999.000
202604041824,   5.169,   5.369,9999.000,9999.000,9999.000,9999.000,9999.000,9999.000,9999.000
202604041830,   5.168,   5.408,9999.000,9999.000,9999.000,9999.000,9999.000,9999.000,9999.000
202604041836,   5.161,   5.389,9999.000,9999.000,9999.000,9999.000,9999.000,9999.000,9999.000
202604041842,   5.147,   5.398,9999.000,9999.000,9999.000,9999.000,9999.000,9999.000,9999.000
202604041848,   5.126,   5.320,9999.000,9999.000,9999.000,9999.000,9999.000,9999.000,9999.000
202604041854,   5.099,   5.329,9999.000,9999.000,9999.000,9999.000,9999.000,9999.000,9999.000
202604041900,   5.066,   5.287,   0.000,   0.221,   5.287,   0.000,   5.287,   0.100,   5.387
202604041906,   5.026,   5.228,9999.000,9999.000,9999.000,9999.000,9999.000,9999.000,9999.000
202604041912,   4.981,   5.238,9999.000,9999.000,9999.000,9999.000,9999.000,9999.000,9999.000
202604041918,   4.930,   5.129,9999.000,9999.000,9999.000,9999.000,9999.000,9999.000,9999.000
202604041924,   4.874,   5.038,9999.000,9999.000,9999.000,9999.000,9999.000,9999.000,9999.000
202604041930,   4.812,   4.979,9999.000,9999.000,9999.000,9999.000,9999.000,9999.000,9999.000
202604041936,   4.745,   4.847,9999.000,9999.000,9999.000,9999.000,9999.000,9999.000,9999.000
202604041942,   4.674,   4.788,9999.000,9999.000,9999.000,9999.000,9999.000,9999.000,9999.000
202604041948,   4.598,   4.657,9999.000,9999.000,9999.000,9999.000,9999.000,9999.000,9999.000
202604041954,   4.518,   4.539,9999.000,9999.000,9999.000,9999.000,9999.000,9999.000,9999.000
202604042000,   4.434,   4.418,   0.000,  -0.016,   4.418,   0.000,   4.418,   0.100,   4.518
202604042006,   4.346,   4.267,9999.000,9999.000,9999.000,9999.000,9999.000,9999.000,9999.000
202604042012,   4.255,   4.198,9999.000,9999.000,9999.000,9999.000,9999.000,9999.000,9999.000
202604042018,   4.161,   4.057,9999.000,9999.000,9999.000,9999.000,9999.000,9999.000,9999.000
202604042024,   4.064,   3.968,9999.000,9999.000,9999.000,9999.000,9999.000,9999.000,9999.000
202604042030,   3.964,   3.847,9999.000,9999.000,9999.000,9999.000,9999.000,9999.000,9999.000
202604042036,   3.863,   3.719,9999.000,9999.000,9999.000,9999.000,9999.000,9999.000,9999.000
202604042042,   3.759,   3.617,9999.000,9999.000,9999.000,9999.000,9999.000,9999.000,9999.000
202604042048,   3.653,   3.489,9999.000,9999.000,9999.000,9999.000,9999.000,9999.000,9999.000
202604042054,   3.547,   3.378,9999.000,9999.000,9999.000,9999.000,9999.000,9999.000,9999.000
202604042100,   3.439,   3.289,   0.100,  -0.250,   3.289,   0.000,   3.189,   0.100,   3.289
202604042106,   3.330,   3.178,9999.000,9999.000,9999.000,9999.000,9999.000,9999.000,9999.000
202604042112,   3.221,   3.070,9999.000,9999.000,9999.000,9999.000,9999.000,9999.000,9999.000
202604042118,   3.112,   2.997,9999.000,9999.000,9999.000,9999.000,9999.000,9999.000,9999.000
202604042124,   3.002,   2.860,9999.000,9999.000,9999.000,9999.000,9999.000,9999.000,9999.000
202604042130,   2.894,   2.830,9999.000,9999.000,9999.000,9999.000,9999.000,9999.000,9999.000
202604042136,   2.785,   2.728,9999.000,9999.000,9999.000,9999.000,9999.000,9999.000,9999.000
202604042142,   2.678,   2.660,9999.000,9999.000,9999.000,9999.000,9999.000,9999.000,9999.000
202604042148,   2.572,   2.587,9999.000,9999.000,9999.000,9999.000,9999.000,9999.000,9999.000
202604042154,   2.467,   2.499,9999.000,9999.000,9999.000,9999.000,9999.000,9999.000,9999.000
202604042200,   2.363,   2.400,   0.100,  -0.063,   2.400,   0.100,   2.400,   0.200,   2.500
202604042206,   2.262,   2.338,9999.000,9999.000,9999.000,9999.000,9999.000,9999.000,9999.000
202604042212,   2.162,   2.240,9999.000,9999.000,9999.000,9999.000,9999.000,9999.000,9999.000
202604042218,   2.065,   2.138,9999.000,9999.000,9999.000,9999.000,9999.000,9999.000,9999.000
202604042224,   1.969,   2.040,9999.000,9999.000,9999.000,9999.000,9999.000,9999.000,9999.000
202604042230,   1.876,   1.990,9999.000,9999.000,9999.000,9999.000,9999.000,9999.000,9999.000
202604042236,   1.785,   1.928,9999.000,9999.000,9999.000,9999.000,9999.000,9999.000,9999.000
202604042242,   1.697,   1.820,9999.000,9999.000,9999.000,9999.000,9999.000,9999.000,9999.000
202604042248,   1.611,   1.708,9999.000,9999.000,9999.000,9999.000,9999.000,9999.000,9999.000
202604042254,   1.527,   1.679,9999.000,9999.000,9999.000,9999.000,9999.000,9999.000,9999.000
202604042300,   1.445,   1.610,   0.200,  -0.035,   1.610,   0.100,   1.510,   0.200,   1.610
202604042306,   1.366,   1.518,9999.000,9999.000,9999.000,9999.000,9999.000,9999.000,9999.000
202604042312,   1.289,   1.430,9999.000,9999.000,9999.000,9999.000,9999.000,9999.000,9999.000
202604042318,   1.214,   1.371,9999.000,9999.000,9999.000,9999.000,9999.000,9999.000,9999.000
202604042324,   1.141,   1.298,9999.000,9999.000,9999.000,9999.000,9999.000,9999.000,9999.000
202604042330,   1.070,   1.239,9999.000,9999.000,9999.000,9999.000,9999.000,9999.000,9999.000
202604042336,   1.001,   1.118,9999.000,9999.000,9999.000,9999.000,9999.000,9999.000,9999.000
202604042342,   0.934,   1.049,9999.000,9999.000,9999.000,9999.000,9999.000,9999.000,9999.000
202604042348,   0.870,   0.990,9999.000,9999.000,9999.000,9999.000,9999.000,9999.000,9999.000
202604042354,   0.807,   0.918,9999.000,9999.000,9999.000,9999.000,9999.000,9999.000,9999.000
202604050000,   0.747,   0.839,   0.200,  -0.108,   0.839,   0.100,   0.739,   0.200,   0.839
202604050006,   0.690,   0.770,9999.000,9999.000,9999.000,9999.000,9999.000,9999.000,9999.000
202604050012,   0.635,   0.708,9999.000,9999.000,9999.000,9999.000,9999.000,9999.000,9999.000
202604050018,   0.583,   0.619,9999.000,9999.000,9999.000,9999.000,9999.000,9999.000,9999.000
202604050024,   0.535,   0.570,9999.000,9999.000,9999.000,9999.000,9999.000,9999.000,9999.000
202604050030,   0.490,   0.508,9999.000,9999.000,9999.000,9999.000,9999.000,9999.000,9999.000
202604050036,   0.450,   0.429,9999.000,9999.000,9999.000,9999.000,9999.000,9999.000,9999.000
202604050042,   0.415,   0.390,9999.000,9999.000,9999.000,9999.000,9999.000,9999.000,9999.000
202604050048,   0.386,   0.331,9999.000,9999.000,9999.000,9999.000,9999.000,9999.000,9999.000
202604050054,   0.363,   0.278,9999.000,9999.000,9999.000,9999.000,9999.000,9999.000,9999.000
202604050100,   0.346,   0.229,   0.200,  -0.317,   0.229,   0.100,   0.129,   0.300,   0.329
202604050106,   0.337,   0.170,9999.000,9999.000,9999.000,9999.000,9999.000,9999.000,9999.000
202604050112,   0.337,   0.209,9999.000,9999.000,9999.000,9999.000,9999.000,9999.000,9999.000
202604050118,   0.345,   0.219,9999.000,9999.000,9999.000,9999.000,9999.000,9999.000,9999.000
202604050124,   0.363,   0.278,9999.000,9999.000,9999.000,9999.000,9999.000,9999.000,9999.000
202604050130,   0.390,   0.360,9999.000,9999.000,9999.000,9999.000,9999.000,9999.000,9999.000
202604050136,   0.429,   0.459,9999.000,9999.000,9999.000,9999.000,9999.000,9999.000,9999.000
202604050142,   0.478,   0.610,9999.000,9999.000,9999.000,9999.000,9999.000,9999.000,9999.000
202604050148,   0.539,   0.780,9999.000,9999.000,9999.000,9999.000,9999.000,9999.000,9999.000
202604050154,   0.612,   0.951,9999.000,9999.000,9999.000,9999.000,9999.000,9999.000,9999.000
202604050200,   0.696,   1.138,   0.300,   0.142,   1.138,   0.200,   1.038,   0.300,   1.138
202604050206,   0.792,   1.328,9999.000,9999.000,9999.000,9999.000,9999.000,9999.000,9999.000
202604050212,   0.899,   1.498,9999.000,9999.000,9999.000,9999.000,9999.000,9999.000,9999.000
202604050218,   1.017,   1.699,9999.000,9999.000,9999.000,9999.000,9999.000,9999.000,9999.000
202604050224,   1.145,   1.889,9999.000,9999.000,9999.000,9999.000,9999.000,9999.000,9999.000
202604050230,   1.282,   2.049,9999.000,9999.000,9999.000,9999.000,9999.000,9999.000,9999.000
202604050236,   1.429,   2.230,9999.000,9999.000,9999.000,9999.000,9999.000,9999.000,9999.000
202604050242,   1.583,   2.420,9999.000,9999.000,9999.000,9999.000,9999.000,9999.000,9999.000
202604050248,   1.743,   2.578,9999.000,9999.000,9999.000,9999.000,9999.000,9999.000,9999.000
202604050254,   1.909,   2.768,9999.000,9999.000,9999.000,9999.000,9999.000,9999.000,9999.000
202604050300,   2.079,   2.929,   0.300,   0.550,   2.929,   0.200,   2.829,   0.400,   3.029
202604050306,   2.252,   3.089,9999.000,9999.000,9999.000,9999.000,9999.000,9999.000,9999.000
202604050312,   2.426,   3.250,9999.000,9999.000,9999.000,9999.000,9999.000,9999.000,9999.000
202604050318,   2.600,   3.378,9999.000,9999.000,9999.000,9999.000,9999.000,9999.000,9999.000
202604050324,   2.774,   3.539,9999.000,9999.000,9999.000,9999.000,9999.000,9999.000,9999.000
202604050330,   2.945,   3.670,9999.000,9999.000,9999.000,9999.000,9999.000,9999.000,9999.000
202604050336,   3.114,   3.798,9999.000,9999.000,9999.000,9999.000,9999.000,9999.000,9999.000
202604050342,   3.279,   3.949,9999.000,9999.000,9999.000,9999.000,9999.000,9999.000,9999.000
202604050348,   3.440,   4.090,9999.000,9999.000,9999.000,9999.000,9999.000,9999.000,9999.000
202604050354,   3.596,   4.218,9999.000,9999.000,9999.000,9999.000,9999.000,9999.000,9999.000
202604050400,   3.747,   4.349,   0.400,   0.202,   4.349,   0.300,   4.249,   0.400,   4.349
202604050406,   3.892,   4.480,9999.000,9999.000,9999.000,9999.000,9999.000,9999.000,9999.000
202604050412,   4.032,   4.598,9999.000,9999.000,9999.000,9999.000,9999.000,9999.000,9999.000
202604050418,   4.166,   4.739,9999.000,9999.000,9999.000,9999.000,9999.000,9999.000,9999.000
202604050424,   4.294,   4.857,9999.000,9999.000,9999.000,9999.000,9999.000,9999.000,9999.000
202604050430,   4.416,   4.998,9999.000,9999.000,9999.000,9999.000,9999.000,9999.000,9999.000
202604050436,   4.533,   5.120,9999.000,9999.000,9999.000,9999.000,9999.000,9999.000,9999.000
202604050442,   4.644,   5.247,9999.000,9999.000,9999.000,9999.000,9999.000,9999.000,9999.000
202604050448,   4.749,   5.339,9999.000,9999.000,9999.000,9999.000,9999.000,9999.000,9999.000
202604050454,   4.850,   5.477,9999.000,9999.000,9999.000,9999.000,9999.000,9999.000,9999.000
202604050500,   4.945,   5.559,   0.400,   0.214,   5.559,   0.300,   5.459,   0.500,   5.659
202604050506,   5.034,   5.608,9999.000,9999.000,9999.000,9999.000,9999.000,9999.000,9999.000
202604050512,   5.119,   5.717,9999.000,9999.000,9999.000,9999.000,9999.000,9999.000,9999.000
202604050518,   5.199,   5.818,9999.000,9999.000,9999.000,9999.000,9999.000,9999.000,9999.000
202604050524,   5.273,   5.897,9999.000,9999.000,9999.000,9999.000,9999.000,9999.000,9999.000
202604050530,   5.343,   5.949,9999.000,9999.000,9999.000,9999.000,9999.000,9999.000,9999.000
202604050536,   5.407,   6.048,9999.000,9999.000,9999.000,9999.000,9999.000,9999.000,9999.000
202604050542,   5.466,   6.127,9999.000,9999.000,9999.000,9999.000,9999.000,9999.000,9999.000
202604050548,   5.520,   6.169,9999.000,9999.000,9999.000,9999.000,9999.000,9999.000,9999.000
202604050554,   5.568,   6.228,9999.000,9999.000,9999.000,9999.000,9999.000,9999.000,9999.000
202604050600,   5.611,   6.218,   0.400,   0.207,   6.218,   0.300,   6.118,   0.500,   6.318
202604050606,   5.648,   6.258,9999.000,9999.000,9999.000,9999.000,9999.000,9999.000,9999.000
202604050612,   5.679,   6.297,9999.000,9999.000,9999.000,9999.000,9999.000,9999.000,9999.000
202604050618,   5.704,   6.369,9999.000,9999.000,9999.000,9999.000,9999.000,9999.000,9999.000
202604050624,   5.723,   6.346,9999.000,9999.000,9999.000,9999.000,9999.000,9999.000,9999.000
202604050630,   5.736,   6.346,9999.000,9999.000,9999.000,9999.000,9999.000,9999.000,9999.000
202604050636,   5.743,   6.399,9999.000,9999.000,9999.000,9999.000,9999.000,9999.000,9999.000
202604050642,   5.743,   6.379,9999.000,9999.000,9999.000,9999.000,9999.000,9999.000,9999.000
202604050648,   5.737,   6.409,9999.000,9999.000,9999.000,9999.000,9999.000,9999.000,9999.000
202604050654,   5.725,   6.369,9999.000,9999.000,9999.000,9999.000,9999.000,9999.000,9999.000
202604050700,   5.706,   6.389,   0.500,   0.183,   6.389,   0.400,   6.289,   0.500,   6.389
202604050706,   5.681,   6.346,9999.000,9999.000,9999.000,9999.000,9999.000,9999.000,9999.000
202604050712,   5.650,   6.379,9999.000,9999.000,9999.000,9999.000,9999.000,9999.000,9999.000
202604050718,   5.613,   6.409,9999.000,9999.000,9999.000,9999.000,9999.000,9999.000,9999.000
202604050724,   5.570,   6.179,9999.000,9999.000,9999.000,9999.000,9999.000,9999.000,9999.000
202604050730,   5.521,   6.287,9999.000,9999.000,9999.000,9999.000,9999.000,9999.000,9999.000
202604050736,   5.467,   6.087,9999.000,9999.000,9999.000,9999.000,9999.000,9999.000,9999.000
202604050742,   5.407,   6.067,9999.000,9999.000,9999.000,9999.000,9999.000,9999.000,9999.000
202604050748,   5.343,   5.949,9999.000,9999.000,9999.000,9999.000,9999.000,9999.000,9999.000
202604050754,   5.273,   5.969,9999.000,9999.000,9999.000,9999.000,9999.000,9999.000,9999.000
202604050800,   5.199,   5.808,   0.500,   0.109,   5.808,   0.400,   5.708,   0.600,   5.908
202604050806,   5.120,   5.667,9999.000,9999.000,9999.000,9999.000,9999.000,9999.000,9999.000
202604050812,   5.037,   5.608,9999.000,9999.000,9999.000,9999.000,9999.000,9999.000,9999.000
202604050818,   4.950,   5.467,9999.000,9999.000,9999.000,9999.000,9999.000,9999.000,9999.000
202604050824,   4.859,   5.349,9999.000,9999.000,9999.000,9999.000,9999.000,9999.000,9999.000
202604050830,   4.765,   5.238,9999.000,9999.000,9999.000,9999.000,9999.000,9999.000,9999.000
202604050836,   4.668,   5.087,9999.000,9999.000,9999.000,9999.000,9999.000,9999.000,9999.000
202604050842,   4.568,   5.008,9999.000,9999.000,9999.000,9999.000,9999.000,9999.000,9999.000
202604050848,   4.465,   4.900,9999.000,9999.000,9999.000,9999.000,9999.000,9999.000,9999.000
202604050854,   4.360,   4.798,9999.000,9999.000,9999.000,9999.000,9999.000,9999.000,9999.000
202604050900,   4.253,   4.637,   0.600,  -0.216,   4.637,   0.500,   4.537,   0.600,   4.637
202604050906,   4.144,   4.500,9999.000,9999.000,9999.000,9999.000,9999.000,9999.000,9999.000
202604050912,   4.033,   4.427,9999.000,9999.000,9999.000,9999.000,9999.000,9999.000,9999.000
202604050918,   3.922,   4.319,9999.000,9999.000,9999.000,9999.000,9999.000,9999.000,9999.000
202604050924,   3.809,   4.237,9999.000,9999.000,9999.000,9999.000,9999.000,9999.000,9999.000
202604050930,   3.696,   4.109,9999.000,9999.000,9999.000,9999.000,9999.000,9999.000,9999.000
202604050936,   3.582,   3.988,9999.000,9999.000,9999.000,9999.000,9999.000,9999.000,9999.000
202604050942,   3.469,   3.899,9999.000,9999.000,9999.000,9999.000,9999.000,9999.000,9999.000
202604050948,   3.355,   3.798,9999.000,9999.000,9999.000,9999.000,9999.000,9999.000,9999.000
202604050954,   3.241,   3.719,9999.000,9999.000,9999.000,9999.000,9999.000,9999.000,9999.000
202604051000,   3.129,   3.578,   0.600,  -0.151,   3.578,   0.500,   3.478,   0.600,   3.578
202604051006,   3.017,   3.460,9999.000,9999.000,9999.000,9999.000,9999.000,9999.000,9999.000
202604051012,   2.906,   3.329,9999.000,9999.000,9999.000,9999.000,9999.000,9999.000,9999.000
202604051018,   2.796,   3.250,9999.000,9999.000,9999.000,9999.000,9999.000,9999.000,9999.000
202604051024,   2.688,   3.168,9999.000,9999.000,9999.000,9999.000,9999.000,9999.000,9999.000
202604051030,   2.582,   3.050,9999.000,9999.000,9999.000,9999.000,9999.000,9999.000,9999.000
202604051036,   2.477,   2.958,9999.000,9999.000,9999.000,9999.000,9999.000,9999.000,9999.000
202604051042,   2.374,   2.840,9999.000,9999.000,9999.000,9999.000,9999.000,9999.000,9999.000
202604051048,   2.272,   2.768,9999.000,9999.000,9999.000,9999.000,9999.000,9999.000,9999.000
202604051054,   2.173,   2.669,9999.000,9999.000,9999.000,9999.000,9999.000,9999.000,9999.000
202604051100,   2.076,   2.548,   0.600,  -0.128,   2.548,   0.600,   2.548,   0.700,   2.648
202604051106,   1.981,   2.479,9999.000,9999.000,9999.000,9999.000,9999.000,9999.000,9999.000
202604051112,   1.888,   2.377,9999.000,9999.000,9999.000,9999.000,9999.000,9999.000,9999.000
202604051118,   1.796,   2.299,9999.000,9999.000,9999.000,9999.000,9999.000,9999.000,9999.000
202604051124,   1.707,   2.318,9999.000,9999.000,9999.000,9999.000,9999.000,9999.000,9999.000
202604051130,   1.619,   2.040,9999.000,9999.000,9999.000,9999.000,9999.000,9999.000,9999.000
202604051136,   1.533,   1.958,9999.000,9999.000,9999.000,9999.000,9999.000,9999.000,9999.000
202604051142,   1.449,   2.020,9999.000,9999.000,9999.000,9999.000,9999.000,9999.000,9999.000
202604051148,   1.366,   1.879,9999.000,9999.000,9999.000,9999.000,9999.000,9999.000,9999.000
202604051154,   1.285,   1.800,9999.000,9999.000,9999.000,9999.000,9999.000,9999.000,9999.000
202604051200,   1.205,   1.748,   0.700,  -0.157,   1.748,   0.600,   1.648,   0.700,   1.748
202604051206,   1.127,   1.610,9999.000,9999.000,9999.000,9999.000,9999.000,9999.000,9999.000
202604051212,   1.050,   1.571,9999.000,9999.000,9999.000,9999.000,9999.000,9999.000,9999.000
202604051218,   0.974,   1.630,9999.000,9999.000,9999.000,9999.000,9999.000,9999.000,9999.000
202604051224,   0.901,   1.489,9999.000,9999.000,9999.000,9999.000,9999.000,9999.000,9999.000
202604051230,   0.829,   1.400,9999.000,9999.000,9999.000,9999.000,9999.000,9999.000,9999.000
202604051236,   0.760,   1.318,9999.000,9999.000,9999.000,9999.000,9999.000,9999.000,9999.000
202604051242,   0.693,   1.259,9999.000,9999.000,9999.000,9999.000,9999.000,9999.000,9999.000
202604051248,   0.628,   1.210,9999.000,9999.000,9999.000,9999.000,9999.000,9999.000,9999.000
